start=14.960000
pause=yes
contrast=-1
video-aspect=1.333333
